a = 6928000;
G = 6.67384e-11;
M = 5.97219e24;
T = 2*pi*sqrt((a^3)/(G*M));